# Vertices

1. Hub (493, 495) 500
2. N1 (545, 430) 220
3. N2 (538, 338) 220
4. N3 (521, 297) 220
5. NE1 (596, 476) 220
6. NE2 (701, 403) 220
7. NE3 (791, 348) 220
8. E1 (597, 577) 220
9. E2 (754, 507) 220
10. E3 (819, 541) 220
11. SE1 (544, 583) 220
12. SE2 (656, 685) 220
13. S1 (496, 654) 220
14. S2 (509, 682) 220
15. S3 (515, 778) 220
16. SW1 (467, 654) 220
17. SW2 (397, 720) 220
18. W1 (414, 555) 220
19. W2 (316, 490) 220
20. W3 (204, 587) 220
21. NW1 (376, 428) 220
22. NW2 (419, 262) 220

# Edges

1 - 2
2 - 3
3 - 4

1 - 5
5 - 6
6 - 7

1 - 8
8 - 9
9 - 10

1 - 11
11 - 12

1 - 13
13 - 14
14 - 15

1 - 16
16 - 17

1 - 18
18 - 19
19 - 20

1 - 21
21 - 22

# End
