# Vertices

1. Hub (498, 508) 500
2. A1 (651, 467) 220
3. A2 (687, 341) 220
4. A3 (791, 512) 220
5. A4 (672, 571) 220
6. A5 (762, 647) 220
7. B1 (371, 431) 220
8. B2 (342, 298) 220
9. B3 (218, 451) 220
10. B4 (327, 561) 220
11. B5 (198, 612) 220
12. C1 (567, 667) 220
13. C2 (612, 762) 220
14. L1 (397, 287) 220
15. L2 (582, 312) 220
16. L3 (638, 641) 220

# Edges

1 - 2
2 - 3
3 - 4
4 - 5
5 - 1
5 - 6
6 - 1

1 - 7
7 - 8
8 - 9
9 - 10
10 - 1
10 - 11
11 - 1

1 - 12
12 - 13

1 - 14
1 - 15
5 - 16

# End
